20170101, 20170110
20170102, 20170110
20170103, 20170110
20170104, 20170110
20170105, 20170110
20170106, 20170110
20170107, 20170110
20170108, 20170110
20170109, 20170110
20170110, 20170110
20170111, 20170110
20170112, 20170110
20170113, 20170110
20170114, 20170110
20170115, 20170110
20170116, 20170110
20170117, 20170110
20170118, 20170110
20170119, 20170110
20170120, 20170110
20170121, 20170110
20170122, 20170110
20170123, 20170110
20170124, 20170110
20170125, 20170110
20170126, 20170110
20170127, 20170110
20170128, 20170110
20170129, 20170110
20170130, 20170110
20170131, 20170110
20170201, 20170207
20170202, 20170207
20170203, 20170207
20170204, 20170207
20170205, 20170207
20170206, 20170207
20170207, 20170207
20170208, 20170207
20170209, 20170207
20170210, 20170207
20170211, 20170207
20170212, 20170207
20170213, 20170207
20170214, 20170207
20170215, 20170207
20170216, 20170207
20170217, 20170207
20170218, 20170207
20170219, 20170207
20170220, 20170207
20170221, 20170207
20170222, 20170207
20170223, 20170207
20170224, 20170207
20170225, 20170207
20170226, 20170207
20170227, 20170207
20170228, 20170207
20170301, 20170307
20170302, 20170307
20170303, 20170307
20170304, 20170307
20170305, 20170307
20170306, 20170307
20170307, 20170307
20170308, 20170307
20170309, 20170307
20170310, 20170307
20170311, 20170307
20170312, 20170307
20170313, 20170307
20170314, 20170307
20170315, 20170307
20170316, 20170307
20170317, 20170307
20170318, 20170307
20170319, 20170307
20170320, 20170307
20170321, 20170307
20170322, 20170307
20170323, 20170307
20170324, 20170307
20170325, 20170307
20170326, 20170307
20170327, 20170307
20170328, 20170307
20170329, 20170307
20170330, 20170307
20170331, 20170307
20170401, 20170404
20170402, 20170404
20170403, 20170404
20170404, 20170404
20170405, 20170404
20170406, 20170404
20170407, 20170404
20170408, 20170404
20170409, 20170404
20170410, 20170404
20170411, 20170404
20170412, 20170404
20170413, 20170404
20170414, 20170404
20170415, 20170404
20170416, 20170404
20170417, 20170404
20170418, 20170404
20170419, 20170404
20170420, 20170404
20170421, 20170404
20170422, 20170404
20170423, 20170404
20170424, 20170404
20170425, 20170404
20170426, 20170404
20170427, 20170404
20170428, 20170404
20170429, 20170404
20170430, 20170404
20170501, 20170502
20170502, 20170502
20170503, 20170502
20170504, 20170502
20170505, 20170502
20170506, 20170502
20170507, 20170502
20170508, 20170502
20170509, 20170502
20170510, 20170502
20170511, 20170502
20170512, 20170502
20170513, 20170502
20170514, 20170502
20170515, 20170502
20170516, 20170502
20170517, 20170502
20170518, 20170502
20170519, 20170502
20170520, 20170502
20170521, 20170502
20170522, 20170502
20170523, 20170502
20170524, 20170502
20170525, 20170502
20170526, 20170502
20170527, 20170502
20170528, 20170502
20170529, 20170502
20170530, 20170502
20170531, 20170502
20170601, 20170606
20170602, 20170606
20170603, 20170606
20170604, 20170606
20170605, 20170606
20170606, 20170606
20170607, 20170606
20170608, 20170606
20170609, 20170606
20170610, 20170606
20170611, 20170606
20170612, 20170606
20170613, 20170606
20170614, 20170606
20170615, 20170606
20170616, 20170606
20170617, 20170606
20170618, 20170606
20170619, 20170606
20170620, 20170606
20170621, 20170606
20170622, 20170606
20170623, 20170606
20170624, 20170606
20170625, 20170606
20170626, 20170606
20170627, 20170606
20170628, 20170606
20170629, 20170606
20170630, 20170606
20170701, 20170711
20170702, 20170711
20170703, 20170711
20170704, 20170711
20170705, 20170711
20170706, 20170711
20170707, 20170711
20170708, 20170711
20170709, 20170711
20170710, 20170711
20170711, 20170711
20170712, 20170711
20170713, 20170711
20170714, 20170711
20170715, 20170711
20170716, 20170711
20170717, 20170711
20170718, 20170711
20170719, 20170711
20170720, 20170711
20170721, 20170711
20170722, 20170711
20170723, 20170711
20170724, 20170711
20170725, 20170711
20170726, 20170711
20170727, 20170711
20170728, 20170711
20170729, 20170711
20170730, 20170711
20170731, 20170711
20170801, 20170808
20170802, 20170808
20170803, 20170808
20170804, 20170808
20170805, 20170808
20170806, 20170808
20170807, 20170808
20170808, 20170808
20170809, 20170808
20170810, 20170808
20170811, 20170808
20170812, 20170808
20170813, 20170808
20170814, 20170808
20170815, 20170808
20170816, 20170808
20170817, 20170808
20170818, 20170808
20170819, 20170808
20170820, 20170808
20170821, 20170808
20170822, 20170808
20170823, 20170808
20170824, 20170808
20170825, 20170808
20170826, 20170808
20170827, 20170808
20170828, 20170808
20170829, 20170808
20170830, 20170808
20170831, 20170808
20170901, 20170912
20170902, 20170912
20170903, 20170912
20170904, 20170912
20170905, 20170912
20170906, 20170912
20170907, 20170912
20170908, 20170912
20170909, 20170912
20170910, 20170912
20170911, 20170912
20170912, 20170912
20170913, 20170912
20170914, 20170912
20170915, 20170912
20170916, 20170912
20170917, 20170912
20170918, 20170912
20170919, 20170912
20170920, 20170912
20170921, 20170912
20170922, 20170912
20170923, 20170912
20170924, 20170912
20170925, 20170912
20170926, 20170912
20170927, 20170912
20170928, 20170912
20170929, 20170912
20170930, 20170912
20171001, 20171003
20171002, 20171003
20171003, 20171003
20171004, 20171003
20171005, 20171003
20171006, 20171003
20171007, 20171003
20171008, 20171003
20171009, 20171003
20171010, 20171003
20171011, 20171003
20171012, 20171003
20171013, 20171003
20171014, 20171003
20171015, 20171003
20171016, 20171003
20171017, 20171003
20171018, 20171003
20171019, 20171003
20171020, 20171003
20171021, 20171003
20171022, 20171003
20171023, 20171003
20171024, 20171003
20171025, 20171003
20171026, 20171003
20171027, 20171003
20171028, 20171003
20171029, 20171003
20171030, 20171003
20171031, 20171003
20171101, 20171107
20171102, 20171107
20171103, 20171107
20171104, 20171107
20171105, 20171107
20171106, 20171107
20171107, 20171107
20171108, 20171107
20171109, 20171107
20171110, 20171107
20171111, 20171107
20171112, 20171107
20171113, 20171107
20171114, 20171107
20171115, 20171107
20171116, 20171107
20171117, 20171107
20171118, 20171107
20171119, 20171107
20171120, 20171107
20171121, 20171107
20171122, 20171107
20171123, 20171107
20171124, 20171107
20171125, 20171107
20171126, 20171107
20171127, 20171107
20171128, 20171107
20171129, 20171107
20171130, 20171107
20171201, 20171205
20171202, 20171205
20171203, 20171205
20171204, 20171205
20171205, 20171205
20171206, 20171205
20171207, 20171205
20171208, 20171205
20171209, 20171205
20171210, 20171205
20171211, 20171205
20171212, 20171205
20171213, 20171205
20171214, 20171205
20171215, 20171205
20171216, 20171205
20171217, 20171205
20171218, 20171205
20171219, 20171205
20171220, 20171205
20171221, 20171205
20171222, 20171205
20171223, 20171205
20171224, 20171205
20171225, 20171205
20171226, 20171205
20171227, 20171205
20171228, 20171205
20171229, 20171205
20171230, 20171205
20171231, 20171205
