20170101, 20170115
20170102, 20170109
20170103, 20170110
20170104, 20170111
20170105, 20170112
20170106, 20170113
20170107, 20170114
20170108, 20170115
20170109, 20170109
20170110, 20170110
20170111, 20170111
20170112, 20170112
20170113, 20170113
20170114, 20170114
20170115, 20170115
20170116, 20170109
20170117, 20170110
20170118, 20170111
20170119, 20170112
20170120, 20170113
20170121, 20170114
20170122, 20170115
20170123, 20170109
20170124, 20170110
20170125, 20170111
20170126, 20170112
20170127, 20170113
20170128, 20170114
20170129, 20170115
20170130, 20170109
20170131, 20170110
20170201, 20170208
20170202, 20170209
20170203, 20170210
20170204, 20170211
20170205, 20170212
20170206, 20170206
20170207, 20170207
20170208, 20170208
20170209, 20170209
20170210, 20170210
20170211, 20170211
20170212, 20170212
20170213, 20170206
20170214, 20170207
20170215, 20170208
20170216, 20170209
20170217, 20170210
20170218, 20170211
20170219, 20170212
20170220, 20170206
20170221, 20170207
20170222, 20170208
20170223, 20170209
20170224, 20170210
20170225, 20170211
20170226, 20170212
20170227, 20170206
20170228, 20170207
20170301, 20170308
20170302, 20170309
20170303, 20170310
20170304, 20170311
20170305, 20170312
20170306, 20170306
20170307, 20170307
20170308, 20170308
20170309, 20170309
20170310, 20170310
20170311, 20170311
20170312, 20170312
20170313, 20170306
20170314, 20170307
20170315, 20170308
20170316, 20170309
20170317, 20170310
20170318, 20170311
20170319, 20170312
20170320, 20170306
20170321, 20170307
20170322, 20170308
20170323, 20170309
20170324, 20170310
20170325, 20170311
20170326, 20170312
20170327, 20170306
20170328, 20170307
20170329, 20170308
20170330, 20170309
20170331, 20170310
20170401, 20170408
20170402, 20170409
20170403, 20170403
20170404, 20170404
20170405, 20170405
20170406, 20170406
20170407, 20170407
20170408, 20170408
20170409, 20170409
20170410, 20170403
20170411, 20170404
20170412, 20170405
20170413, 20170406
20170414, 20170407
20170415, 20170408
20170416, 20170409
20170417, 20170403
20170418, 20170404
20170419, 20170405
20170420, 20170406
20170421, 20170407
20170422, 20170408
20170423, 20170409
20170424, 20170403
20170425, 20170404
20170426, 20170405
20170427, 20170406
20170428, 20170407
20170429, 20170408
20170430, 20170409
20170501, 20170508
20170502, 20170509
20170503, 20170510
20170504, 20170511
20170505, 20170512
20170506, 20170513
20170507, 20170514
20170508, 20170508
20170509, 20170509
20170510, 20170510
20170511, 20170511
20170512, 20170512
20170513, 20170513
20170514, 20170514
20170515, 20170508
20170516, 20170509
20170517, 20170510
20170518, 20170511
20170519, 20170512
20170520, 20170513
20170521, 20170514
20170522, 20170508
20170523, 20170509
20170524, 20170510
20170525, 20170511
20170526, 20170512
20170527, 20170513
20170528, 20170514
20170529, 20170508
20170530, 20170509
20170531, 20170510
20170601, 20170608
20170602, 20170609
20170603, 20170610
20170604, 20170611
20170605, 20170605
20170606, 20170606
20170607, 20170607
20170608, 20170608
20170609, 20170609
20170610, 20170610
20170611, 20170611
20170612, 20170605
20170613, 20170606
20170614, 20170607
20170615, 20170608
20170616, 20170609
20170617, 20170610
20170618, 20170611
20170619, 20170605
20170620, 20170606
20170621, 20170607
20170622, 20170608
20170623, 20170609
20170624, 20170610
20170625, 20170611
20170626, 20170605
20170627, 20170606
20170628, 20170607
20170629, 20170608
20170630, 20170609
20170701, 20170715
20170702, 20170716
20170703, 20170710
20170704, 20170711
20170705, 20170712
20170706, 20170713
20170707, 20170714
20170708, 20170715
20170709, 20170716
20170710, 20170710
20170711, 20170711
20170712, 20170712
20170713, 20170713
20170714, 20170714
20170715, 20170715
20170716, 20170716
20170717, 20170710
20170718, 20170711
20170719, 20170712
20170720, 20170713
20170721, 20170714
20170722, 20170715
20170723, 20170716
20170724, 20170710
20170725, 20170711
20170726, 20170712
20170727, 20170713
20170728, 20170714
20170729, 20170715
20170730, 20170716
20170731, 20170710
20170801, 20170808
20170802, 20170809
20170803, 20170810
20170804, 20170811
20170805, 20170812
20170806, 20170813
20170807, 20170807
20170808, 20170808
20170809, 20170809
20170810, 20170810
20170811, 20170811
20170812, 20170812
20170813, 20170813
20170814, 20170807
20170815, 20170808
20170816, 20170809
20170817, 20170810
20170818, 20170811
20170819, 20170812
20170820, 20170813
20170821, 20170807
20170822, 20170808
20170823, 20170809
20170824, 20170810
20170825, 20170811
20170826, 20170812
20170827, 20170813
20170828, 20170807
20170829, 20170808
20170830, 20170809
20170831, 20170810
20170901, 20170915
20170902, 20170916
20170903, 20170917
20170904, 20170911
20170905, 20170912
20170906, 20170913
20170907, 20170914
20170908, 20170915
20170909, 20170916
20170910, 20170917
20170911, 20170911
20170912, 20170912
20170913, 20170913
20170914, 20170914
20170915, 20170915
20170916, 20170916
20170917, 20170917
20170918, 20170911
20170919, 20170912
20170920, 20170913
20170921, 20170914
20170922, 20170915
20170923, 20170916
20170924, 20170917
20170925, 20170911
20170926, 20170912
20170927, 20170913
20170928, 20170914
20170929, 20170915
20170930, 20170916
20171001, 20171008
20171002, 20171002
20171003, 20171003
20171004, 20171004
20171005, 20171005
20171006, 20171006
20171007, 20171007
20171008, 20171008
20171009, 20171002
20171010, 20171003
20171011, 20171004
20171012, 20171005
20171013, 20171006
20171014, 20171007
20171015, 20171008
20171016, 20171002
20171017, 20171003
20171018, 20171004
20171019, 20171005
20171020, 20171006
20171021, 20171007
20171022, 20171008
20171023, 20171002
20171024, 20171003
20171025, 20171004
20171026, 20171005
20171027, 20171006
20171028, 20171007
20171029, 20171008
20171030, 20171002
20171031, 20171003
20171101, 20171108
20171102, 20171109
20171103, 20171110
20171104, 20171111
20171105, 20171112
20171106, 20171106
20171107, 20171107
20171108, 20171108
20171109, 20171109
20171110, 20171110
20171111, 20171111
20171112, 20171112
20171113, 20171106
20171114, 20171107
20171115, 20171108
20171116, 20171109
20171117, 20171110
20171118, 20171111
20171119, 20171112
20171120, 20171106
20171121, 20171107
20171122, 20171108
20171123, 20171109
20171124, 20171110
20171125, 20171111
20171126, 20171112
20171127, 20171106
20171128, 20171107
20171129, 20171108
20171130, 20171109
20171201, 20171208
20171202, 20171209
20171203, 20171210
20171204, 20171204
20171205, 20171205
20171206, 20171206
20171207, 20171207
20171208, 20171208
20171209, 20171209
20171210, 20171210
20171211, 20171204
20171212, 20171205
20171213, 20171206
20171214, 20171207
20171215, 20171208
20171216, 20171209
20171217, 20171210
20171218, 20171204
20171219, 20171205
20171220, 20171206
20171221, 20171207
20171222, 20171208
20171223, 20171209
20171224, 20171210
20171225, 20171204
20171226, 20171205
20171227, 20171206
20171228, 20171207
20171229, 20171208
20171230, 20171209
20171231, 20171210
