20170101, 20170115
20170102, 20170115
20170103, 20170115
20170104, 20170115
20170105, 20170115
20170106, 20170115
20170107, 20170115
20170108, 20170115
20170109, 20170115
20170110, 20170115
20170111, 20170115
20170112, 20170115
20170113, 20170115
20170114, 20170115
20170115, 20170115
20170116, 20170115
20170117, 20170115
20170118, 20170115
20170119, 20170115
20170120, 20170115
20170121, 20170115
20170122, 20170115
20170123, 20170115
20170124, 20170115
20170125, 20170115
20170126, 20170115
20170127, 20170115
20170128, 20170115
20170129, 20170115
20170130, 20170115
20170131, 20170115
20170201, 20170215
20170202, 20170215
20170203, 20170215
20170204, 20170215
20170205, 20170215
20170206, 20170215
20170207, 20170215
20170208, 20170215
20170209, 20170215
20170210, 20170215
20170211, 20170215
20170212, 20170215
20170213, 20170215
20170214, 20170215
20170215, 20170215
20170216, 20170215
20170217, 20170215
20170218, 20170215
20170219, 20170215
20170220, 20170215
20170221, 20170215
20170222, 20170215
20170223, 20170215
20170224, 20170215
20170225, 20170215
20170226, 20170215
20170227, 20170215
20170228, 20170215
20170229, 20170215
20170301, 20170315
20170302, 20170315
20170303, 20170315
20170304, 20170315
20170305, 20170315
20170306, 20170315
20170307, 20170315
20170308, 20170315
20170309, 20170315
20170310, 20170315
20170311, 20170315
20170312, 20170315
20170313, 20170315
20170314, 20170315
20170315, 20170315
20170316, 20170315
20170317, 20170315
20170318, 20170315
20170319, 20170315
20170320, 20170315
20170321, 20170315
20170322, 20170315
20170323, 20170315
20170324, 20170315
20170325, 20170315
20170326, 20170315
20170327, 20170315
20170328, 20170315
20170329, 20170315
20170330, 20170315
20170331, 20170315
20170401, 20170415
20170402, 20170415
20170403, 20170415
20170404, 20170415
20170405, 20170415
20170406, 20170415
20170407, 20170415
20170408, 20170415
20170409, 20170415
20170410, 20170415
20170411, 20170415
20170412, 20170415
20170413, 20170415
20170414, 20170415
20170415, 20170415
20170416, 20170415
20170417, 20170415
20170418, 20170415
20170419, 20170415
20170420, 20170415
20170421, 20170415
20170422, 20170415
20170423, 20170415
20170424, 20170415
20170425, 20170415
20170426, 20170415
20170427, 20170415
20170428, 20170415
20170429, 20170415
20170430, 20170415
20170501, 20170515
20170502, 20170515
20170503, 20170515
20170504, 20170515
20170505, 20170515
20170506, 20170515
20170507, 20170515
20170508, 20170515
20170509, 20170515
20170510, 20170515
20170511, 20170515
20170512, 20170515
20170513, 20170515
20170514, 20170515
20170515, 20170515
20170516, 20170515
20170517, 20170515
20170518, 20170515
20170519, 20170515
20170520, 20170515
20170521, 20170515
20170522, 20170515
20170523, 20170515
20170524, 20170515
20170525, 20170515
20170526, 20170515
20170527, 20170515
20170528, 20170515
20170529, 20170515
20170530, 20170515
20170531, 20170515
20170601, 20170615
20170602, 20170615
20170603, 20170615
20170604, 20170615
20170605, 20170615
20170606, 20170615
20170607, 20170615
20170608, 20170615
20170609, 20170615
20170610, 20170615
20170611, 20170615
20170612, 20170615
20170613, 20170615
20170614, 20170615
20170615, 20170615
20170616, 20170615
20170617, 20170615
20170618, 20170615
20170619, 20170615
20170620, 20170615
20170621, 20170615
20170622, 20170615
20170623, 20170615
20170624, 20170615
20170625, 20170615
20170626, 20170615
20170627, 20170615
20170628, 20170615
20170629, 20170615
20170630, 20170615
20170701, 20170715
20170702, 20170715
20170703, 20170715
20170704, 20170715
20170705, 20170715
20170706, 20170715
20170707, 20170715
20170708, 20170715
20170709, 20170715
20170710, 20170715
20170711, 20170715
20170712, 20170715
20170713, 20170715
20170714, 20170715
20170715, 20170715
20170716, 20170715
20170717, 20170715
20170718, 20170715
20170719, 20170715
20170720, 20170715
20170721, 20170715
20170722, 20170715
20170723, 20170715
20170724, 20170715
20170725, 20170715
20170726, 20170715
20170727, 20170715
20170728, 20170715
20170729, 20170715
20170730, 20170715
20170731, 20170715
20170801, 20170815
20170802, 20170815
20170803, 20170815
20170804, 20170815
20170805, 20170815
20170806, 20170815
20170807, 20170815
20170808, 20170815
20170809, 20170815
20170810, 20170815
20170811, 20170815
20170812, 20170815
20170813, 20170815
20170814, 20170815
20170815, 20170815
20170816, 20170815
20170817, 20170815
20170818, 20170815
20170819, 20170815
20170820, 20170815
20170821, 20170815
20170822, 20170815
20170823, 20170815
20170824, 20170815
20170825, 20170815
20170826, 20170815
20170827, 20170815
20170828, 20170815
20170829, 20170815
20170830, 20170815
20170831, 20170815
20170901, 20170915
20170902, 20170915
20170903, 20170915
20170904, 20170915
20170905, 20170915
20170906, 20170915
20170907, 20170915
20170908, 20170915
20170909, 20170915
20170910, 20170915
20170911, 20170915
20170912, 20170915
20170913, 20170915
20170914, 20170915
20170915, 20170915
20170916, 20170915
20170917, 20170915
20170918, 20170915
20170919, 20170915
20170920, 20170915
20170921, 20170915
20170922, 20170915
20170923, 20170915
20170924, 20170915
20170925, 20170915
20170926, 20170915
20170927, 20170915
20170928, 20170915
20170929, 20170915
20170930, 20170915
20171001, 20171015
20171002, 20171015
20171003, 20171015
20171004, 20171015
20171005, 20171015
20171006, 20171015
20171007, 20171015
20171008, 20171015
20171009, 20171015
20171010, 20171015
20171011, 20171015
20171012, 20171015
20171013, 20171015
20171014, 20171015
20171015, 20171015
20171016, 20171015
20171017, 20171015
20171018, 20171015
20171019, 20171015
20171020, 20171015
20171021, 20171015
20171022, 20171015
20171023, 20171015
20171024, 20171015
20171025, 20171015
20171026, 20171015
20171027, 20171015
20171028, 20171015
20171029, 20171015
20171030, 20171015
20171031, 20171015
20171101, 20171115
20171102, 20171115
20171103, 20171115
20171104, 20171115
20171105, 20171115
20171106, 20171115
20171107, 20171115
20171108, 20171115
20171109, 20171115
20171110, 20171115
20171111, 20171115
20171112, 20171115
20171113, 20171115
20171114, 20171115
20171115, 20171115
20171116, 20171115
20171117, 20171115
20171118, 20171115
20171119, 20171115
20171120, 20171115
20171121, 20171115
20171122, 20171115
20171123, 20171115
20171124, 20171115
20171125, 20171115
20171126, 20171115
20171127, 20171115
20171128, 20171115
20171129, 20171115
20171130, 20171115
20171201, 20171215
20171202, 20171215
20171203, 20171215
20171204, 20171215
20171205, 20171215
20171206, 20171215
20171207, 20171215
20171208, 20171215
20171209, 20171215
20171210, 20171215
20171211, 20171215
20171212, 20171215
20171213, 20171215
20171214, 20171215
20171215, 20171215
20171216, 20171215
20171217, 20171215
20171218, 20171215
20171219, 20171215
20171220, 20171215
20171221, 20171215
20171222, 20171215
20171223, 20171215
20171224, 20171215
20171225, 20171215
20171226, 20171215
20171227, 20171215
20171228, 20171215
20171229, 20171215
20171230, 20171215
20171231, 20171215
