20151001 20151006
20151002 20151006
20151003 20151010
20151004 20151011
20151005 20151005
20151006 20151006
20151007 20151006
20151008 20151006
20151009 20151006
20151010 20151010
20151011 20151011
20151012 20151005
20151013 20151006
20151014 20151006
20151015 20151006
20151016 20151006
20151017 20151010
20151018 20151011
20151019 20151005
20151020 20151006
20151021 20151006
20151022 20151006
20151023 20151006
20151024 20151010
20151025 20151011
20151026 20151005
20151027 20151006
20151028 20151006
20151029 20151006
20151030 20151006
20151031 20151010
20151101 20151108
20151102 20151102
20151103 20151103
20151104 20151103
20151105 20151103
20151106 20151103
20151107 20151107
20151108 20151108
20151109 20151102
20151110 20151103
20151111 20151103
20151112 20151103
20151113 20151103
20151114 20151107
20151115 20151108
20151116 20151102
20151117 20151103
20151118 20151103
20151119 20151103
20151120 20151103
20151121 20151107
20151122 20151108
20151123 20151102
20151124 20151103
20151125 20151103
20151126 20151103
20151127 20151103
20151128 20151107
20151129 20151108
20151130 20151102
20151201 20161206
20151202 20161206
20151203 20161210
20151204 20161211
20151205 20161205
20151206 20161206
20151207 20161206
20151208 20161206
20151209 20161206
20151210 20161210
20151211 20161211
20151212 20161205
20151213 20161206
20151214 20161206
20151215 20161206
20151216 20161206
20151217 20161210
20151218 20161211
20151219 20161205
20151220 20161206
20151221 20161206
20151222 20161206
20151223 20161206
20151224 20161210
20151225 20161211
20151226 20161205
20151227 20161206
20151228 20161206
20151229 20161206
20151230 20161206
20151231 20161210
