20151001, 20161004
20151002, 20161004
20151003, 20161004
20151004, 20161004
20151005, 20161004
20151006, 20161004
20151007, 20161004
20151008, 20161004
20151009, 20161004
20151010, 20161004
20151011, 20161004
20151012, 20161004
20151013, 20161004
20151014, 20161004
20151015, 20161004
20151016, 20161004
20151017, 20161004
20151018, 20161004
20151019, 20161004
20151020, 20161004
20151021, 20161004
20151022, 20161004
20151023, 20161004
20151024, 20161004
20151025, 20161004
20151026, 20161004
20151027, 20161004
20151028, 20161004
20151029, 20161004
20151030, 20161004
20151031, 20161004
20151101, 20161108
20151102, 20161108
20151103, 20161108
20151104, 20161108
20151105, 20161108
20151106, 20161108
20151107, 20161108
20151108, 20161108
20151109, 20161108
20151110, 20161108
20151111, 20161108
20151112, 20161108
20151113, 20161108
20151114, 20161108
20151115, 20161108
20151116, 20161108
20151117, 20161108
20151118, 20161108
20151119, 20161108
20151120, 20161108
20151121, 20161108
20151122, 20161108
20151123, 20161108
20151124, 20161108
20151125, 20161108
20151126, 20161108
20151127, 20161108
20151128, 20161108
20151129, 20161108
20151130, 20161108
20151201, 20161206
20151202, 20161206
20151203, 20161206
20151204, 20161206
20151205, 20161206
20151206, 20161206
20151207, 20161206
20151208, 20161206
20151209, 20161206
20151210, 20161206
20151211, 20161206
20151212, 20161206
20151213, 20161206
20151214, 20161206
20151215, 20161206
20151216, 20161206
20151217, 20161206
20151218, 20161206
20151219, 20161206
20151220, 20161206
20151221, 20161206
20151222, 20161206
20151223, 20161206
20151224, 20161206
20151225, 20161206
20151226, 20161206
20151227, 20161206
20151228, 20161206
20151229, 20161206
20151230, 20161206
20151231, 20161206
