20140101, 20140107
20140102, 20140107
20140103, 20140107
20140104, 20140107
20140105, 20140107
20140106, 20140107
20140107, 20140107
20140108, 20140107
20140109, 20140107
20140110, 20140107
20140111, 20140107
20140112, 20140107
20140113, 20140107
20140114, 20140107
20140115, 20140107
20140116, 20140107
20140117, 20140107
20140118, 20140107
20140119, 20140107
20140120, 20140107
20140121, 20140107
20140122, 20140107
20140123, 20140107
20140124, 20140107
20140125, 20140107
20140126, 20140107
20140127, 20140107
20140128, 20140107
20140129, 20140107
20140130, 20140107
20140131, 20140107
20140201, 20140204
20140202, 20140204
20140203, 20140204
20140204, 20140204
20140205, 20140204
20140206, 20140204
20140207, 20140204
20140208, 20140204
20140209, 20140204
20140210, 20140204
20140211, 20140204
20140212, 20140204
20140213, 20140204
20140214, 20140204
20140215, 20140204
20140216, 20140204
20140217, 20140204
20140218, 20140204
20140219, 20140204
20140220, 20140204
20140221, 20140204
20140222, 20140204
20140223, 20140204
20140224, 20140204
20140225, 20140204
20140226, 20140204
20140227, 20140204
20140228, 20140204
20140301, 20140304
20140302, 20140304
20140303, 20140304
20140304, 20140304
20140305, 20140304
20140306, 20140304
20140307, 20140304
20140308, 20140304
20140309, 20140304
20140310, 20140304
20140311, 20140304
20140312, 20140304
20140313, 20140304
20140314, 20140304
20140315, 20140304
20140316, 20140304
20140317, 20140304
20140318, 20140304
20140319, 20140304
20140320, 20140304
20140321, 20140304
20140322, 20140304
20140323, 20140304
20140324, 20140304
20140325, 20140304
20140326, 20140304
20140327, 20140304
20140328, 20140304
20140329, 20140304
20140330, 20140304
20140331, 20140304
20140401, 20140408
20140402, 20140408
20140403, 20140408
20140404, 20140408
20140405, 20140408
20140406, 20140408
20140407, 20140408
20140408, 20140408
20140409, 20140408
20140410, 20140408
20140411, 20140408
20140412, 20140408
20140413, 20140408
20140414, 20140408
20140415, 20140408
20140416, 20140408
20140417, 20140408
20140418, 20140408
20140419, 20140408
20140420, 20140408
20140421, 20140408
20140422, 20140408
20140423, 20140408
20140424, 20140408
20140425, 20140408
20140426, 20140408
20140427, 20140408
20140428, 20140408
20140429, 20140408
20140430, 20140408
20140501, 20140506
20140502, 20140506
20140503, 20140506
20140504, 20140506
20140505, 20140506
20140506, 20140506
20140507, 20140506
20140508, 20140506
20140509, 20140506
20140510, 20140506
20140511, 20140506
20140512, 20140506
20140513, 20140506
20140514, 20140506
20140515, 20140506
20140516, 20140506
20140517, 20140506
20140518, 20140506
20140519, 20140506
20140520, 20140506
20140521, 20140506
20140522, 20140506
20140523, 20140506
20140524, 20140506
20140525, 20140506
20140526, 20140506
20140527, 20140506
20140528, 20140506
20140529, 20140506
20140530, 20140506
20140531, 20140506
20140601, 20140603
20140602, 20140603
20140603, 20140603
20140604, 20140603
20140605, 20140603
20140606, 20140603
20140607, 20140603
20140608, 20140603
20140609, 20140603
20140610, 20140603
20140611, 20140603
20140612, 20140603
20140613, 20140603
20140614, 20140603
20140615, 20140603
20140616, 20140603
20140617, 20140603
20140618, 20140603
20140619, 20140603
20140620, 20140603
20140621, 20140603
20140622, 20140603
20140623, 20140603
20140624, 20140603
20140625, 20140603
20140626, 20140603
20140627, 20140603
20140628, 20140603
20140629, 20140603
20140630, 20140603
20140701, 20140708
20140702, 20140708
20140703, 20140708
20140704, 20140708
20140705, 20140708
20140706, 20140708
20140707, 20140708
20140708, 20140708
20140709, 20140708
20140710, 20140708
20140711, 20140708
20140712, 20140708
20140713, 20140708
20140714, 20140708
20140715, 20140708
20140716, 20140708
20140717, 20140708
20140718, 20140708
20140719, 20140708
20140720, 20140708
20140721, 20140708
20140722, 20140708
20140723, 20140708
20140724, 20140708
20140725, 20140708
20140726, 20140708
20140727, 20140708
20140728, 20140708
20140729, 20140708
20140730, 20140708
20140731, 20140708
20140801, 20140805
20140802, 20140805
20140803, 20140805
20140804, 20140805
20140805, 20140805
20140806, 20140805
20140807, 20140805
20140808, 20140805
20140809, 20140805
20140810, 20140805
20140811, 20140805
20140812, 20140805
20140813, 20140805
20140814, 20140805
20140815, 20140805
20140816, 20140805
20140817, 20140805
20140818, 20140805
20140819, 20140805
20140820, 20140805
20140821, 20140805
20140822, 20140805
20140823, 20140805
20140824, 20140805
20140825, 20140805
20140826, 20140805
20140827, 20140805
20140828, 20140805
20140829, 20140805
20140830, 20140805
20140831, 20140805
20140901, 20140909
20140902, 20140909
20140903, 20140909
20140904, 20140909
20140905, 20140909
20140906, 20140909
20140907, 20140909
20140908, 20140909
20140909, 20140909
20140910, 20140909
20140911, 20140909
20140912, 20140909
20140913, 20140909
20140914, 20140909
20140915, 20140909
20140916, 20140909
20140917, 20140909
20140918, 20140909
20140919, 20140909
20140920, 20140909
20140921, 20140909
20140922, 20140909
20140923, 20140909
20140924, 20140909
20140925, 20140909
20140926, 20140909
20140927, 20140909
20140928, 20140909
20140929, 20140909
20140930, 20140909
20141001, 20141007
20141002, 20141007
20141003, 20141007
20141004, 20141007
20141005, 20141007
20141006, 20141007
20141007, 20141007
20141008, 20141007
20141009, 20141007
20141010, 20141007
20141011, 20141007
20141012, 20141007
20141013, 20141007
20141014, 20141007
20141015, 20141007
20141016, 20141007
20141017, 20141007
20141018, 20141007
20141019, 20141007
20141020, 20141007
20141021, 20141007
20141022, 20141007
20141023, 20141007
20141024, 20141007
20141025, 20141007
20141026, 20141007
20141027, 20141007
20141028, 20141007
20141029, 20141007
20141030, 20141007
20141031, 20141007
20141101, 20141104
20141102, 20141104
20141103, 20141104
20141104, 20141104
20141105, 20141104
20141106, 20141104
20141107, 20141104
20141108, 20141104
20141109, 20141104
20141110, 20141104
20141111, 20141104
20141112, 20141104
20141113, 20141104
20141114, 20141104
20141115, 20141104
20141116, 20141104
20141117, 20141104
20141118, 20141104
20141119, 20141104
20141120, 20141104
20141121, 20141104
20141122, 20141104
20141123, 20141104
20141124, 20141104
20141125, 20141104
20141126, 20141104
20141127, 20141104
20141128, 20141104
20141129, 20141104
20141130, 20141104
20141201, 20141202
20141202, 20141202
20141203, 20141202
20141204, 20141202
20141205, 20141202
20141206, 20141202
20141207, 20141202
20141208, 20141202
20141209, 20141202
20141210, 20141202
20141211, 20141202
20141212, 20141202
20141213, 20141202
20141214, 20141202
20141215, 20141202
20141216, 20141202
20141217, 20141202
20141218, 20141202
20141219, 20141202
20141220, 20141202
20141221, 20141202
20141222, 20141202
20141223, 20141202
20141224, 20141202
20141225, 20141202
20141226, 20141202
20141227, 20141202
20141228, 20141202
20141229, 20141202
20141230, 20141202
20141231, 20141202
