20140101, 20140108
20140102, 20140109
20140103, 20140110
20140104, 20140111
20140105, 20140112
20140106, 20140106
20140107, 20140107
20140108, 20140108
20140109, 20140109
20140110, 20140110
20140111, 20140111
20140112, 20140112
20140113, 20140106
20140114, 20140107
20140115, 20140108
20140116, 20140109
20140117, 20140110
20140118, 20140111
20140119, 20140112
20140120, 20140106
20140121, 20140107
20140122, 20140108
20140123, 20140109
20140124, 20140110
20140125, 20140111
20140126, 20140112
20140127, 20140106
20140128, 20140107
20140129, 20140108
20140130, 20140109
20140131, 20140110
20140201, 20140208
20140202, 20140209
20140203, 20140203
20140204, 20140204
20140205, 20140205
20140206, 20140206
20140207, 20140207
20140208, 20140208
20140209, 20140209
20140210, 20140203
20140211, 20140204
20140212, 20140205
20140213, 20140206
20140214, 20140207
20140215, 20140208
20140216, 20140209
20140217, 20140203
20140218, 20140204
20140219, 20140205
20140220, 20140206
20140221, 20140207
20140222, 20140208
20140223, 20140209
20140224, 20140203
20140225, 20140204
20140226, 20140205
20140227, 20140206
20140228, 20140207
20140301, 20140308
20140302, 20140309
20140303, 20140303
20140304, 20140304
20140305, 20140305
20140306, 20140306
20140307, 20140307
20140308, 20140308
20140309, 20140309
20140310, 20140303
20140311, 20140304
20140312, 20140305
20140313, 20140306
20140314, 20140307
20140315, 20140308
20140316, 20140309
20140317, 20140303
20140318, 20140304
20140319, 20140305
20140320, 20140306
20140321, 20140307
20140322, 20140308
20140323, 20140309
20140324, 20140303
20140325, 20140304
20140326, 20140305
20140327, 20140306
20140328, 20140307
20140329, 20140308
20140330, 20140309
20140331, 20140303
20140401, 20140408
20140402, 20140409
20140403, 20140410
20140404, 20140411
20140405, 20140412
20140406, 20140413
20140407, 20140407
20140408, 20140408
20140409, 20140409
20140410, 20140410
20140411, 20140411
20140412, 20140412
20140413, 20140413
20140414, 20140407
20140415, 20140408
20140416, 20140409
20140417, 20140410
20140418, 20140411
20140419, 20140412
20140420, 20140413
20140421, 20140407
20140422, 20140408
20140423, 20140409
20140424, 20140410
20140425, 20140411
20140426, 20140412
20140427, 20140413
20140428, 20140407
20140429, 20140408
20140430, 20140409
20140501, 20140508
20140502, 20140509
20140503, 20140510
20140504, 20140511
20140505, 20140505
20140506, 20140506
20140507, 20140507
20140508, 20140508
20140509, 20140509
20140510, 20140510
20140511, 20140511
20140512, 20140505
20140513, 20140506
20140514, 20140507
20140515, 20140508
20140516, 20140509
20140517, 20140510
20140518, 20140511
20140519, 20140505
20140520, 20140506
20140521, 20140507
20140522, 20140508
20140523, 20140509
20140524, 20140510
20140525, 20140511
20140526, 20140505
20140527, 20140506
20140528, 20140507
20140529, 20140508
20140530, 20140509
20140531, 20140510
20140601, 20140608
20140602, 20140602
20140603, 20140603
20140604, 20140604
20140605, 20140605
20140606, 20140606
20140607, 20140607
20140608, 20140608
20140609, 20140602
20140610, 20140603
20140611, 20140604
20140612, 20140605
20140613, 20140606
20140614, 20140607
20140615, 20140608
20140616, 20140602
20140617, 20140603
20140618, 20140604
20140619, 20140605
20140620, 20140606
20140621, 20140607
20140622, 20140608
20140623, 20140602
20140624, 20140603
20140625, 20140604
20140626, 20140605
20140627, 20140606
20140628, 20140607
20140629, 20140608
20140630, 20140602
20140701, 20140708
20140702, 20140709
20140703, 20140710
20140704, 20140711
20140705, 20140712
20140706, 20140713
20140707, 20140707
20140708, 20140708
20140709, 20140709
20140710, 20140710
20140711, 20140711
20140712, 20140712
20140713, 20140713
20140714, 20140707
20140715, 20140708
20140716, 20140709
20140717, 20140710
20140718, 20140711
20140719, 20140712
20140720, 20140713
20140721, 20140707
20140722, 20140708
20140723, 20140709
20140724, 20140710
20140725, 20140711
20140726, 20140712
20140727, 20140713
20140728, 20140707
20140729, 20140708
20140730, 20140709
20140731, 20140710
20140801, 20140808
20140802, 20140809
20140803, 20140810
20140804, 20140804
20140805, 20140805
20140806, 20140806
20140807, 20140807
20140808, 20140808
20140809, 20140809
20140810, 20140810
20140811, 20140804
20140812, 20140805
20140813, 20140806
20140814, 20140807
20140815, 20140808
20140816, 20140809
20140817, 20140810
20140818, 20140804
20140819, 20140805
20140820, 20140806
20140821, 20140807
20140822, 20140808
20140823, 20140809
20140824, 20140810
20140825, 20140804
20140826, 20140805
20140827, 20140806
20140828, 20140807
20140829, 20140808
20140830, 20140809
20140831, 20140810
20140901, 20140908
20140902, 20140909
20140903, 20140910
20140904, 20140911
20140905, 20140912
20140906, 20140913
20140907, 20140914
20140908, 20140908
20140909, 20140909
20140910, 20140910
20140911, 20140911
20140912, 20140912
20140913, 20140913
20140914, 20140914
20140915, 20140908
20140916, 20140909
20140917, 20140910
20140918, 20140911
20140919, 20140912
20140920, 20140913
20140921, 20140914
20140922, 20140908
20140923, 20140909
20140924, 20140910
20140925, 20140911
20140926, 20140912
20140927, 20140913
20140928, 20140914
20140929, 20140908
20140930, 20140909
20141001, 20141008
20141002, 20141009
20141003, 20141010
20141004, 20141011
20141005, 20141012
20141006, 20141006
20141007, 20141007
20141008, 20141008
20141009, 20141009
20141010, 20141010
20141011, 20141011
20141012, 20141012
20141013, 20141006
20141014, 20141007
20141015, 20141008
20141016, 20141009
20141017, 20141010
20141018, 20141011
20141019, 20141012
20141020, 20141006
20141021, 20141007
20141022, 20141008
20141023, 20141009
20141024, 20141010
20141025, 20141011
20141026, 20141012
20141027, 20141006
20141028, 20141007
20141029, 20141008
20141030, 20141009
20141031, 20141010
20141101, 20141108
20141102, 20141109
20141103, 20141103
20141104, 20141104
20141105, 20141105
20141106, 20141106
20141107, 20141107
20141108, 20141108
20141109, 20141109
20141110, 20141103
20141111, 20141104
20141112, 20141105
20141113, 20141106
20141114, 20141107
20141115, 20141108
20141116, 20141109
20141117, 20141103
20141118, 20141104
20141119, 20141105
20141120, 20141106
20141121, 20141107
20141122, 20141108
20141123, 20141109
20141124, 20141103
20141125, 20141104
20141126, 20141105
20141127, 20141106
20141128, 20141107
20141129, 20141108
20141130, 20141109
20141201, 20141208
20141202, 20141209
20141203, 20141210
20141204, 20141211
20141205, 20141212
20141206, 20141213
20141207, 20141214
20141208, 20141208
20141209, 20141209
20141210, 20141210
20141211, 20141211
20141212, 20141212
20141213, 20141213
20141214, 20141214
20141215, 20141208
20141216, 20141209
20141217, 20141210
20141218, 20141211
20141219, 20141212
20141220, 20141213
20141221, 20141214
20141222, 20141208
20141223, 20141209
20141224, 20141210
20141225, 20141211
20141226, 20141212
20141227, 20141213
20141228, 20141214
20141229, 20141208
20141230, 20141209
20141231, 20141210
