20150101, 20150108
20150102, 20150109
20150103, 20150110
20150104, 20150111
20150105, 20150105
20150106, 20150106
20150107, 20150107
20150108, 20150108
20150109, 20150109
20150110, 20150110
20150111, 20150111
20150112, 20150105
20150113, 20150106
20150114, 20150107
20150115, 20150108
20150116, 20150109
20150117, 20150110
20150118, 20150111
20150119, 20150105
20150120, 20150106
20150121, 20150107
20150122, 20150108
20150123, 20150109
20150124, 20150110
20150125, 20150111
20150126, 20150105
20150127, 20150106
20150128, 20150107
20150129, 20150108
20150130, 20150109
20150131, 20150110
20150201, 20150208
20150202, 20150202
20150203, 20150203
20150204, 20150204
20150205, 20150205
20150206, 20150206
20150207, 20150207
20150208, 20150208
20150209, 20150202
20150210, 20150203
20150211, 20150204
20150212, 20150205
20150213, 20150206
20150214, 20150207
20150215, 20150208
20150216, 20150202
20150217, 20150203
20150218, 20150204
20150219, 20150205
20150220, 20150206
20150221, 20150207
20150222, 20150208
20150223, 20150202
20150224, 20150203
20150225, 20150204
20150226, 20150205
20150227, 20150206
20150228, 20150207
20150301, 20150308
20150302, 20150302
20150303, 20150303
20150304, 20150304
20150305, 20150305
20150306, 20150306
20150307, 20150307
20150308, 20150308
20150309, 20150302
20150310, 20150303
20150311, 20150304
20150312, 20150305
20150313, 20150306
20150314, 20150307
20150315, 20150308
20150316, 20150302
20150317, 20150303
20150318, 20150304
20150319, 20150305
20150320, 20150306
20150321, 20150307
20150322, 20150308
20150323, 20150302
20150324, 20150303
20150325, 20150304
20150326, 20150305
20150327, 20150306
20150328, 20150307
20150329, 20150308
20150330, 20150302
20150331, 20150303
20150401, 20150408
20150402, 20150409
20150403, 20150410
20150404, 20150411
20150405, 20150412
20150406, 20150406
20150407, 20150407
20150408, 20150408
20150409, 20150409
20150410, 20150410
20150411, 20150411
20150412, 20150412
20150413, 20150406
20150414, 20150407
20150415, 20150408
20150416, 20150409
20150417, 20150410
20150418, 20150411
20150419, 20150412
20150420, 20150406
20150421, 20150407
20150422, 20150408
20150423, 20150409
20150424, 20150410
20150425, 20150411
20150426, 20150412
20150427, 20150406
20150428, 20150407
20150429, 20150408
20150430, 20150409
20150501, 20150508
20150502, 20150509
20150503, 20150510
20150504, 20150504
20150505, 20150505
20150506, 20150506
20150507, 20150507
20150508, 20150508
20150509, 20150509
20150510, 20150510
20150511, 20150504
20150512, 20150505
20150513, 20150506
20150514, 20150507
20150515, 20150508
20150516, 20150509
20150517, 20150510
20150518, 20150504
20150519, 20150505
20150520, 20150506
20150521, 20150507
20150522, 20150508
20150523, 20150509
20150524, 20150510
20150525, 20150504
20150526, 20150505
20150527, 20150506
20150528, 20150507
20150529, 20150508
20150530, 20150509
20150531, 20150510
20150601, 20150608
20150602, 20150609
20150603, 20150610
20150604, 20150611
20150605, 20150612
20150606, 20150613
20150607, 20150614
20150608, 20150608
20150609, 20150609
20150610, 20150610
20150611, 20150611
20150612, 20150612
20150613, 20150613
20150614, 20150614
20150615, 20150608
20150616, 20150609
20150617, 20150610
20150618, 20150611
20150619, 20150612
20150620, 20150613
20150621, 20150614
20150622, 20150608
20150623, 20150609
20150624, 20150610
20150625, 20150611
20150626, 20150612
20150627, 20150613
20150628, 20150614
20150629, 20150608
20150630, 20150609
20150701, 20150708
20150702, 20150709
20150703, 20150710
20150704, 20150711
20150705, 20150712
20150706, 20150706
20150707, 20150707
20150708, 20150708
20150709, 20150709
20150710, 20150710
20150711, 20150711
20150712, 20150712
20150713, 20150706
20150714, 20150707
20150715, 20150708
20150716, 20150709
20150717, 20150710
20150718, 20150711
20150719, 20150712
20150720, 20150706
20150721, 20150707
20150722, 20150708
20150723, 20150709
20150724, 20150710
20150725, 20150711
20150726, 20150712
20150727, 20150706
20150728, 20150707
20150729, 20150708
20150730, 20150709
20150731, 20150710
20150801, 20150808
20150802, 20150809
20150803, 20150803
20150804, 20150804
20150805, 20150805
20150806, 20150806
20150807, 20150807
20150808, 20150808
20150809, 20150809
20150810, 20150803
20150811, 20150804
20150812, 20150805
20150813, 20150806
20150814, 20150807
20150815, 20150808
20150816, 20150809
20150817, 20150803
20150818, 20150804
20150819, 20150805
20150820, 20150806
20150821, 20150807
20150822, 20150808
20150823, 20150809
20150824, 20150803
20150825, 20150804
20150826, 20150805
20150827, 20150806
20150828, 20150807
20150829, 20150808
20150830, 20150809
20150831, 20150803
20150901, 20150915
20150902, 20150916
20150903, 20150917
20150904, 20150918
20150905, 20150919
20150906, 20150920
20150907, 20150914
20150908, 20150915
20150909, 20150916
20150910, 20150917
20150911, 20150918
20150912, 20150919
20150913, 20150920
20150914, 20150914
20150915, 20150915
20150916, 20150916
20150917, 20150917
20150918, 20150918
20150919, 20150919
20150920, 20150920
20150921, 20150914
20150922, 20150915
20150923, 20150916
20150924, 20150917
20150925, 20150918
20150926, 20150919
20150927, 20150920
20150928, 20150914
20150929, 20150915
20150930, 20150916
20151001, 20151008
20151002, 20151009
20151003, 20151010
20151004, 20151011
20151005, 20151005
20151006, 20151006
20151007, 20151007
20151008, 20151008
20151009, 20151009
20151010, 20151010
20151011, 20151011
20151012, 20151005
20151013, 20151006
20151014, 20151007
20151015, 20151008
20151016, 20151009
20151017, 20151010
20151018, 20151011
20151019, 20151005
20151020, 20151006
20151021, 20151007
20151022, 20151008
20151023, 20151009
20151024, 20151010
20151025, 20151011
20151026, 20151005
20151027, 20151006
20151028, 20151007
20151029, 20151008
20151030, 20151009
20151031, 20151010
20151101, 20151108
20151102, 20151102
20151103, 20151103
20151104, 20151104
20151105, 20151105
20151106, 20151106
20151107, 20151107
20151108, 20151108
20151109, 20151102
20151110, 20151103
20151111, 20151104
20151112, 20151105
20151113, 20151106
20151114, 20151107
20151115, 20151108
20151116, 20151102
20151117, 20151103
20151118, 20151104
20151119, 20151105
20151120, 20151106
20151121, 20151107
20151122, 20151108
20151123, 20151102
20151124, 20151103
20151125, 20151104
20151126, 20151105
20151127, 20151106
20151128, 20151107
20151129, 20151108
20151130, 20151102
20151201, 20151208
20151202, 20151209
20151203, 20151210
20151204, 20151211
20151205, 20151212
20151206, 20151213
20151207, 20151207
20151208, 20151208
20151209, 20151209
20151210, 20151210
20151211, 20151211
20151212, 20151212
20151213, 20151213
20151214, 20151207
20151215, 20151208
20151216, 20151209
20151217, 20151210
20151218, 20151211
20151219, 20151212
20151220, 20151213
20151221, 20151207
20151222, 20151208
20151223, 20151209
20151224, 20151210
20151225, 20151211
20151226, 20151212
20151227, 20151213
20151228, 20151207
20151229, 20151208
20151230, 20151209
20151231, 20151210
