20160101, 20160108
20160102, 20160109
20160103, 20160110
20160104, 20160104
20160105, 20160105
20160106, 20160106
20160107, 20160107
20160108, 20160108
20160109, 20160109
20160110, 20160110
20160111, 20160104
20160112, 20160105
20160113, 20160106
20160114, 20160107
20160115, 20160108
20160116, 20160109
20160117, 20160110
20160118, 20160104
20160119, 20160105
20160120, 20160106
20160121, 20160107
20160122, 20160108
20160123, 20160109
20160124, 20160110
20160125, 20160104
20160126, 20160105
20160127, 20160106
20160128, 20160107
20160129, 20160108
20160130, 20160109
20160131, 20160110
20160201, 20160208
20160202, 20160209
20160203, 20160210
20160204, 20160211
20160205, 20160212
20160206, 20160213
20160207, 20160214
20160208, 20160208
20160209, 20160209
20160210, 20160210
20160211, 20160211
20160212, 20160212
20160213, 20160213
20160214, 20160214
20160215, 20160208
20160216, 20160209
20160217, 20160210
20160218, 20160211
20160219, 20160212
20160220, 20160213
20160221, 20160214
20160222, 20160208
20160223, 20160209
20160224, 20160210
20160225, 20160211
20160226, 20160212
20160227, 20160213
20160228, 20160214
20160229, 20160208
20160301, 20160308
20160302, 20160309
20160303, 20160310
20160304, 20160311
20160305, 20160312
20160306, 20160313
20160307, 20160307
20160308, 20160308
20160309, 20160309
20160310, 20160310
20160311, 20160311
20160312, 20160312
20160313, 20160313
20160314, 20160307
20160315, 20160308
20160316, 20160309
20160317, 20160310
20160318, 20160311
20160319, 20160312
20160320, 20160313
20160321, 20160307
20160322, 20160308
20160323, 20160309
20160324, 20160310
20160325, 20160311
20160326, 20160312
20160327, 20160313
20160328, 20160307
20160329, 20160308
20160330, 20160309
20160331, 20160310
20160401, 20160408
20160402, 20160409
20160403, 20160410
20160404, 20160404
20160405, 20160405
20160406, 20160406
20160407, 20160407
20160408, 20160408
20160409, 20160409
20160410, 20160410
20160411, 20160404
20160412, 20160405
20160413, 20160406
20160414, 20160407
20160415, 20160408
20160416, 20160409
20160417, 20160410
20160418, 20160404
20160419, 20160405
20160420, 20160406
20160421, 20160407
20160422, 20160408
20160423, 20160409
20160424, 20160410
20160425, 20160404
20160426, 20160405
20160427, 20160406
20160428, 20160407
20160429, 20160408
20160430, 20160409
20160501, 20160508
20160502, 20160502
20160503, 20160503
20160504, 20160504
20160505, 20160505
20160506, 20160506
20160507, 20160507
20160508, 20160508
20160509, 20160502
20160510, 20160503
20160511, 20160504
20160512, 20160505
20160513, 20160506
20160514, 20160507
20160515, 20160508
20160516, 20160502
20160517, 20160503
20160518, 20160504
20160519, 20160505
20160520, 20160506
20160521, 20160507
20160522, 20160508
20160523, 20160502
20160524, 20160503
20160525, 20160504
20160526, 20160505
20160527, 20160506
20160528, 20160507
20160529, 20160508
20160530, 20160502
20160531, 20160503
20160601, 20160608
20160602, 20160609
20160603, 20160610
20160604, 20160611
20160605, 20160612
20160606, 20160606
20160607, 20160607
20160608, 20160608
20160609, 20160609
20160610, 20160610
20160611, 20160611
20160612, 20160612
20160613, 20160606
20160614, 20160607
20160615, 20160608
20160616, 20160609
20160617, 20160610
20160618, 20160611
20160619, 20160612
20160620, 20160606
20160621, 20160607
20160622, 20160608
20160623, 20160609
20160624, 20160610
20160625, 20160611
20160626, 20160612
20160627, 20160606
20160628, 20160607
20160629, 20160608
20160630, 20160609
20160701, 20160715
20160702, 20160716
20160703, 20160717
20160704, 20160711
20160705, 20160712
20160706, 20160713
20160707, 20160714
20160708, 20160715
20160709, 20160716
20160710, 20160717
20160711, 20160711
20160712, 20160712
20160713, 20160713
20160714, 20160714
20160715, 20160715
20160716, 20160716
20160717, 20160717
20160718, 20160711
20160719, 20160712
20160720, 20160713
20160721, 20160714
20160722, 20160715
20160723, 20160716
20160724, 20160717
20160725, 20160711
20160726, 20160712
20160727, 20160713
20160728, 20160714
20160729, 20160715
20160730, 20160716
20160731, 20160717
20160801, 20160808
20160802, 20160809
20160803, 20160810
20160804, 20160811
20160805, 20160812
20160806, 20160813
20160807, 20160814
20160808, 20160808
20160809, 20160809
20160810, 20160810
20160811, 20160811
20160812, 20160812
20160813, 20160813
20160814, 20160814
20160815, 20160808
20160816, 20160809
20160817, 20160810
20160818, 20160811
20160819, 20160812
20160820, 20160813
20160821, 20160814
20160822, 20160808
20160823, 20160809
20160824, 20160810
20160825, 20160811
20160826, 20160812
20160827, 20160813
20160828, 20160814
20160829, 20160808
20160830, 20160809
20160831, 20160810
20160901, 20160915
20160902, 20160916
20160903, 20160917
20160904, 20160918
20160905, 20160912
20160906, 20160913
20160907, 20160914
20160908, 20160915
20160909, 20160916
20160910, 20160917
20160911, 20160918
20160912, 20160912
20160913, 20160913
20160914, 20160914
20160915, 20160915
20160916, 20160916
20160917, 20160917
20160918, 20160918
20160919, 20160912
20160920, 20160913
20160921, 20160914
20160922, 20160915
20160923, 20160916
20160924, 20160917
20160925, 20160918
20160926, 20160912
20160927, 20160913
20160928, 20160914
20160929, 20160915
20160930, 20160916
20161001, 20161008
20161002, 20161009
20161003, 20161003
20161004, 20161004
20161005, 20161005
20161006, 20161006
20161007, 20161007
20161008, 20161008
20161009, 20161009
20161010, 20161003
20161011, 20161004
20161012, 20161005
20161013, 20161006
20161014, 20161007
20161015, 20161008
20161016, 20161009
20161017, 20161003
20161018, 20161004
20161019, 20161005
20161020, 20161006
20161021, 20161007
20161022, 20161008
20161023, 20161009
20161024, 20161003
20161025, 20161004
20161026, 20161005
20161027, 20161006
20161028, 20161007
20161029, 20161008
20161030, 20161009
20161031, 20161003
20161101, 20161108
20161102, 20161109
20161103, 20161110
20161104, 20161111
20161105, 20161112
20161106, 20161113
20161107, 20161107
20161108, 20161108
20161109, 20161109
20161110, 20161110
20161111, 20161111
20161112, 20161112
20161113, 20161113
20161114, 20161107
20161115, 20161108
20161116, 20161109
20161117, 20161110
20161118, 20161111
20161119, 20161112
20161120, 20161113
20161121, 20161107
20161122, 20161108
20161123, 20161109
20161124, 20161110
20161125, 20161111
20161126, 20161112
20161127, 20161113
20161128, 20161107
20161129, 20161108
20161130, 20161109
20161201, 20161208
20161202, 20161209
20161203, 20161210
20161204, 20161211
20161205, 20161205
20161206, 20161206
20161207, 20161207
20161208, 20161208
20161209, 20161209
20161210, 20161210
20161211, 20161211
20161212, 20161205
20161213, 20161206
20161214, 20161207
20161215, 20161208
20161216, 20161209
20161217, 20161210
20161218, 20161211
20161219, 20161205
20161220, 20161206
20161221, 20161207
20161222, 20161208
20161223, 20161209
20161224, 20161210
20161225, 20161211
20161226, 20161205
20161227, 20161206
20161228, 20161207
20161229, 20161208
20161230, 20161209
20161231, 20161210
