20160101, 20160115
20160102, 20160115
20160103, 20160115
20160104, 20160115
20160105, 20160115
20160106, 20160115
20160107, 20160115
20160108, 20160115
20160109, 20160115
20160110, 20160115
20160111, 20160115
20160112, 20160115
20160113, 20160115
20160114, 20160115
20160115, 20160115
20160116, 20160115
20160117, 20160115
20160118, 20160115
20160119, 20160115
20160120, 20160115
20160121, 20160115
20160122, 20160115
20160123, 20160115
20160124, 20160115
20160125, 20160115
20160126, 20160115
20160127, 20160115
20160128, 20160115
20160129, 20160115
20160130, 20160115
20160131, 20160115
20160201, 20160215
20160202, 20160215
20160203, 20160215
20160204, 20160215
20160205, 20160215
20160206, 20160215
20160207, 20160215
20160208, 20160215
20160209, 20160215
20160210, 20160215
20160211, 20160215
20160212, 20160215
20160213, 20160215
20160214, 20160215
20160215, 20160215
20160216, 20160215
20160217, 20160215
20160218, 20160215
20160219, 20160215
20160220, 20160215
20160221, 20160215
20160222, 20160215
20160223, 20160215
20160224, 20160215
20160225, 20160215
20160226, 20160215
20160227, 20160215
20160228, 20160215
20160229, 20160215
20160301, 20160315
20160302, 20160315
20160303, 20160315
20160304, 20160315
20160305, 20160315
20160306, 20160315
20160307, 20160315
20160308, 20160315
20160309, 20160315
20160310, 20160315
20160311, 20160315
20160312, 20160315
20160313, 20160315
20160314, 20160315
20160315, 20160315
20160316, 20160315
20160317, 20160315
20160318, 20160315
20160319, 20160315
20160320, 20160315
20160321, 20160315
20160322, 20160315
20160323, 20160315
20160324, 20160315
20160325, 20160315
20160326, 20160315
20160327, 20160315
20160328, 20160315
20160329, 20160315
20160330, 20160315
20160331, 20160315
20160401, 20160415
20160402, 20160415
20160403, 20160415
20160404, 20160415
20160405, 20160415
20160406, 20160415
20160407, 20160415
20160408, 20160415
20160409, 20160415
20160410, 20160415
20160411, 20160415
20160412, 20160415
20160413, 20160415
20160414, 20160415
20160415, 20160415
20160416, 20160415
20160417, 20160415
20160418, 20160415
20160419, 20160415
20160420, 20160415
20160421, 20160415
20160422, 20160415
20160423, 20160415
20160424, 20160415
20160425, 20160415
20160426, 20160415
20160427, 20160415
20160428, 20160415
20160429, 20160415
20160430, 20160415
20160501, 20160515
20160502, 20160515
20160503, 20160515
20160504, 20160515
20160505, 20160515
20160506, 20160515
20160507, 20160515
20160508, 20160515
20160509, 20160515
20160510, 20160515
20160511, 20160515
20160512, 20160515
20160513, 20160515
20160514, 20160515
20160515, 20160515
20160516, 20160515
20160517, 20160515
20160518, 20160515
20160519, 20160515
20160520, 20160515
20160521, 20160515
20160522, 20160515
20160523, 20160515
20160524, 20160515
20160525, 20160515
20160526, 20160515
20160527, 20160515
20160528, 20160515
20160529, 20160515
20160530, 20160515
20160531, 20160515
20160601, 20160615
20160602, 20160615
20160603, 20160615
20160604, 20160615
20160605, 20160615
20160606, 20160615
20160607, 20160615
20160608, 20160615
20160609, 20160615
20160610, 20160615
20160611, 20160615
20160612, 20160615
20160613, 20160615
20160614, 20160615
20160615, 20160615
20160616, 20160615
20160617, 20160615
20160618, 20160615
20160619, 20160615
20160620, 20160615
20160621, 20160615
20160622, 20160615
20160623, 20160615
20160624, 20160615
20160625, 20160615
20160626, 20160615
20160627, 20160615
20160628, 20160615
20160629, 20160615
20160630, 20160615
20160701, 20160715
20160702, 20160715
20160703, 20160715
20160704, 20160715
20160705, 20160715
20160706, 20160715
20160707, 20160715
20160708, 20160715
20160709, 20160715
20160710, 20160715
20160711, 20160715
20160712, 20160715
20160713, 20160715
20160714, 20160715
20160715, 20160715
20160716, 20160715
20160717, 20160715
20160718, 20160715
20160719, 20160715
20160720, 20160715
20160721, 20160715
20160722, 20160715
20160723, 20160715
20160724, 20160715
20160725, 20160715
20160726, 20160715
20160727, 20160715
20160728, 20160715
20160729, 20160715
20160730, 20160715
20160731, 20160715
20160801, 20160815
20160802, 20160815
20160803, 20160815
20160804, 20160815
20160805, 20160815
20160806, 20160815
20160807, 20160815
20160808, 20160815
20160809, 20160815
20160810, 20160815
20160811, 20160815
20160812, 20160815
20160813, 20160815
20160814, 20160815
20160815, 20160815
20160816, 20160815
20160817, 20160815
20160818, 20160815
20160819, 20160815
20160820, 20160815
20160821, 20160815
20160822, 20160815
20160823, 20160815
20160824, 20160815
20160825, 20160815
20160826, 20160815
20160827, 20160815
20160828, 20160815
20160829, 20160815
20160830, 20160815
20160831, 20160815
20160901, 20160915
20160902, 20160915
20160903, 20160915
20160904, 20160915
20160905, 20160915
20160906, 20160915
20160907, 20160915
20160908, 20160915
20160909, 20160915
20160910, 20160915
20160911, 20160915
20160912, 20160915
20160913, 20160915
20160914, 20160915
20160915, 20160915
20160916, 20160915
20160917, 20160915
20160918, 20160915
20160919, 20160915
20160920, 20160915
20160921, 20160915
20160922, 20160915
20160923, 20160915
20160924, 20160915
20160925, 20160915
20160926, 20160915
20160927, 20160915
20160928, 20160915
20160929, 20160915
20160930, 20160915
20161001, 20161015
20161002, 20161015
20161003, 20161015
20161004, 20161015
20161005, 20161015
20161006, 20161015
20161007, 20161015
20161008, 20161015
20161009, 20161015
20161010, 20161015
20161011, 20161015
20161012, 20161015
20161013, 20161015
20161014, 20161015
20161015, 20161015
20161016, 20161015
20161017, 20161015
20161018, 20161015
20161019, 20161015
20161020, 20161015
20161021, 20161015
20161022, 20161015
20161023, 20161015
20161024, 20161015
20161025, 20161015
20161026, 20161015
20161027, 20161015
20161028, 20161015
20161029, 20161015
20161030, 20161015
20161031, 20161015
20161101, 20161115
20161102, 20161115
20161103, 20161115
20161104, 20161115
20161105, 20161115
20161106, 20161115
20161107, 20161115
20161108, 20161115
20161109, 20161115
20161110, 20161115
20161111, 20161115
20161112, 20161115
20161113, 20161115
20161114, 20161115
20161115, 20161115
20161116, 20161115
20161117, 20161115
20161118, 20161115
20161119, 20161115
20161120, 20161115
20161121, 20161115
20161122, 20161115
20161123, 20161115
20161124, 20161115
20161125, 20161115
20161126, 20161115
20161127, 20161115
20161128, 20161115
20161129, 20161115
20161130, 20161115
20161201, 20161215
20161202, 20161215
20161203, 20161215
20161204, 20161215
20161205, 20161215
20161206, 20161215
20161207, 20161215
20161208, 20161215
20161209, 20161215
20161210, 20161215
20161211, 20161215
20161212, 20161215
20161213, 20161215
20161214, 20161215
20161215, 20161215
20161216, 20161215
20161217, 20161215
20161218, 20161215
20161219, 20161215
20161220, 20161215
20161221, 20161215
20161222, 20161215
20161223, 20161215
20161224, 20161215
20161225, 20161215
20161226, 20161215
20161227, 20161215
20161228, 20161215
20161229, 20161215
20161230, 20161215
20161231, 20161215
