20150101, 20150115
20150102, 20150115
20150103, 20150115
20150104, 20150115
20150105, 20150115
20150106, 20150115
20150107, 20150115
20150108, 20150115
20150109, 20150115
20150110, 20150115
20150111, 20150115
20150112, 20150115
20150113, 20150115
20150114, 20150115
20150115, 20150115
20150116, 20150115
20150117, 20150115
20150118, 20150115
20150119, 20150115
20150120, 20150115
20150121, 20150115
20150122, 20150115
20150123, 20150115
20150124, 20150115
20150125, 20150115
20150126, 20150115
20150127, 20150115
20150128, 20150115
20150129, 20150115
20150130, 20150115
20150131, 20150115
20150201, 20150215
20150202, 20150215
20150203, 20150215
20150204, 20150215
20150205, 20150215
20150206, 20150215
20150207, 20150215
20150208, 20150215
20150209, 20150215
20150210, 20150215
20150211, 20150215
20150212, 20150215
20150213, 20150215
20150214, 20150215
20150215, 20150215
20150216, 20150215
20150217, 20150215
20150218, 20150215
20150219, 20150215
20150220, 20150215
20150221, 20150215
20150222, 20150215
20150223, 20150215
20150224, 20150215
20150225, 20150215
20150226, 20150215
20150227, 20150215
20150228, 20150215
20150301, 20150316
20150302, 20150316
20150303, 20150316
20150304, 20150316
20150305, 20150316
20150306, 20150316
20150307, 20150316
20150308, 20150316
20150309, 20150316
20150310, 20150316
20150311, 20150316
20150312, 20150316
20150313, 20150316
20150314, 20150316
20150315, 20150316
20150316, 20150316
20150317, 20150316
20150318, 20150316
20150319, 20150316
20150320, 20150316
20150321, 20150316
20150322, 20150316
20150323, 20150316
20150324, 20150316
20150325, 20150316
20150326, 20150316
20150327, 20150316
20150328, 20150316
20150329, 20150316
20150330, 20150316
20150331, 20150316
20150401, 20150416
20150402, 20150416
20150403, 20150416
20150404, 20150416
20150405, 20150416
20150406, 20150416
20150407, 20150416
20150408, 20150416
20150409, 20150416
20150410, 20150416
20150411, 20150416
20150412, 20150416
20150413, 20150416
20150414, 20150416
20150415, 20150416
20150416, 20150416
20150417, 20150416
20150418, 20150416
20150419, 20150416
20150420, 20150416
20150421, 20150416
20150422, 20150416
20150423, 20150416
20150424, 20150416
20150425, 20150416
20150426, 20150416
20150427, 20150416
20150428, 20150416
20150429, 20150416
20150430, 20150416
20150501, 20150516
20150502, 20150516
20150503, 20150516
20150504, 20150516
20150505, 20150516
20150506, 20150516
20150507, 20150516
20150508, 20150516
20150509, 20150516
20150510, 20150516
20150511, 20150516
20150512, 20150516
20150513, 20150516
20150514, 20150516
20150515, 20150516
20150516, 20150516
20150517, 20150516
20150518, 20150516
20150519, 20150516
20150520, 20150516
20150521, 20150516
20150522, 20150516
20150523, 20150516
20150524, 20150516
20150525, 20150516
20150526, 20150516
20150527, 20150516
20150528, 20150516
20150529, 20150516
20150530, 20150516
20150531, 20150516
20150601, 20150616
20150602, 20150616
20150603, 20150616
20150604, 20150616
20150605, 20150616
20150606, 20150616
20150607, 20150616
20150608, 20150616
20150609, 20150616
20150610, 20150616
20150611, 20150616
20150612, 20150616
20150613, 20150616
20150614, 20150616
20150615, 20150616
20150616, 20150616
20150617, 20150616
20150618, 20150616
20150619, 20150616
20150620, 20150616
20150621, 20150616
20150622, 20150616
20150623, 20150616
20150624, 20150616
20150625, 20150616
20150626, 20150616
20150627, 20150616
20150628, 20150616
20150629, 20150616
20150630, 20150616
20150701, 20150716
20150702, 20150716
20150703, 20150716
20150704, 20150716
20150705, 20150716
20150706, 20150716
20150707, 20150716
20150708, 20150716
20150709, 20150716
20150710, 20150716
20150711, 20150716
20150712, 20150716
20150713, 20150716
20150714, 20150716
20150715, 20150716
20150716, 20150716
20150717, 20150716
20150718, 20150716
20150719, 20150716
20150720, 20150716
20150721, 20150716
20150722, 20150716
20150723, 20150716
20150724, 20150716
20150725, 20150716
20150726, 20150716
20150727, 20150716
20150728, 20150716
20150729, 20150716
20150730, 20150716
20150731, 20150716
20150801, 20150816
20150802, 20150816
20150803, 20150816
20150804, 20150816
20150805, 20150816
20150806, 20150816
20150807, 20150816
20150808, 20150816
20150809, 20150816
20150810, 20150816
20150811, 20150816
20150812, 20150816
20150813, 20150816
20150814, 20150816
20150815, 20150816
20150816, 20150816
20150817, 20150816
20150818, 20150816
20150819, 20150816
20150820, 20150816
20150821, 20150816
20150822, 20150816
20150823, 20150816
20150824, 20150816
20150825, 20150816
20150826, 20150816
20150827, 20150816
20150828, 20150816
20150829, 20150816
20150830, 20150816
20150831, 20150816
20150901, 20150916
20150902, 20150916
20150903, 20150916
20150904, 20150916
20150905, 20150916
20150906, 20150916
20150907, 20150916
20150908, 20150916
20150909, 20150916
20150910, 20150916
20150911, 20150916
20150912, 20150916
20150913, 20150916
20150914, 20150916
20150915, 20150916
20150916, 20150916
20150917, 20150916
20150918, 20150916
20150919, 20150916
20150920, 20150916
20150921, 20150916
20150922, 20150916
20150923, 20150916
20150924, 20150916
20150925, 20150916
20150926, 20150916
20150927, 20150916
20150928, 20150916
20150929, 20150916
20150930, 20150916
20151001, 20151016
20151002, 20151016
20151003, 20151016
20151004, 20151016
20151005, 20151016
20151006, 20151016
20151007, 20151016
20151008, 20151016
20151009, 20151016
20151010, 20151016
20151011, 20151016
20151012, 20151016
20151013, 20151016
20151014, 20151016
20151015, 20151016
20151016, 20151016
20151017, 20151016
20151018, 20151016
20151019, 20151016
20151020, 20151016
20151021, 20151016
20151022, 20151016
20151023, 20151016
20151024, 20151016
20151025, 20151016
20151026, 20151016
20151027, 20151016
20151028, 20151016
20151029, 20151016
20151030, 20151016
20151031, 20151016
20151101, 20151116
20151102, 20151116
20151103, 20151116
20151104, 20151116
20151105, 20151116
20151106, 20151116
20151107, 20151116
20151108, 20151116
20151109, 20151116
20151110, 20151116
20151111, 20151116
20151112, 20151116
20151113, 20151116
20151114, 20151116
20151115, 20151116
20151116, 20151116
20151117, 20151116
20151118, 20151116
20151119, 20151116
20151120, 20151116
20151121, 20151116
20151122, 20151116
20151123, 20151116
20151124, 20151116
20151125, 20151116
20151126, 20151116
20151127, 20151116
20151128, 20151116
20151129, 20151116
20151130, 20151116
20151201, 20151216
20151202, 20151216
20151203, 20151216
20151204, 20151216
20151205, 20151216
20151206, 20151216
20151207, 20151216
20151208, 20151216
20151209, 20151216
20151210, 20151216
20151211, 20151216
20151212, 20151216
20151213, 20151216
20151214, 20151216
20151215, 20151216
20151216, 20151216
20151217, 20151216
20151218, 20151216
20151219, 20151216
20151220, 20151216
20151221, 20151216
20151222, 20151216
20151223, 20151216
20151224, 20151216
20151225, 20151216
20151226, 20151216
20151227, 20151216
20151228, 20151216
20151229, 20151216
20151230, 20151216
20151231, 20151216
