20160101, 20160101
20160102, 20160102
20160103, 20160110
20160104, 20160104
20160105, 20160105
20160106, 20160105
20160107, 20160105
20160108, 20160105
20160109, 20160109
20160110, 20160110
20160111, 20160104
20160112, 20160105
20160113, 20160105
20160114, 20160105
20160115, 20160105
20160116, 20160109
20160117, 20160110
20160118, 20160104
20160119, 20160105
20160120, 20160105
20160121, 20160105
20160122, 20160105
20160123, 20160109
20160124, 20160110
20160125, 20160104
20160126, 20160105
20160127, 20160105
20160128, 20160105
20160129, 20160105
20160130, 20160109
20160131, 20160110
20160201, 20160208
20160202, 20160209
20160203, 20160209
20160204, 20160209
20160205, 20160209
20160206, 20160213
20160207, 20160214
20160208, 20160208
20160209, 20160209
20160210, 20160209
20160211, 20160209
20160212, 20160209
20160213, 20160213
20160214, 20160214
20160215, 20160208
20160216, 20160209
20160217, 20160209
20160218, 20160209
20160219, 20160209
20160220, 20160213
20160221, 20160214
20160222, 20160208
20160223, 20160209
20160224, 20160209
20160225, 20160209
20160226, 20160209
20160227, 20160213
20160228, 20160214
20160229, 20160208
20160301, 20160308
20160302, 20160308
20160303, 20160308
20160304, 20160308
20160305, 20160312
20160306, 20160313
20160307, 20160307
20160308, 20160308
20160309, 20160308
20160310, 20160308
20160311, 20160308
20160312, 20160312
20160313, 20160313
20160314, 20160307
20160315, 20160308
20160316, 20160308
20160317, 20160308
20160318, 20160308
20160319, 20160312
20160320, 20160313
20160321, 20160307
20160322, 20160308
20160323, 20160308
20160324, 20160308
20160325, 20160325
20160326, 20160326
20160327, 20160313
20160328, 20160307
20160329, 20160308
20160330, 20160308
20160331, 20160308
20160401, 20160405
20160402, 20160409
20160403, 20160410
20160404, 20160404
20160405, 20160405
20160406, 20160405
20160407, 20160405
20160408, 20160405
20160409, 20160409
20160410, 20160410
20160411, 20160404
20160412, 20160405
20160413, 20160405
20160414, 20160405
20160415, 20160405
20160416, 20160409
20160417, 20160410
20160418, 20160404
20160419, 20160405
20160420, 20160405
20160421, 20160405
20160422, 20160405
20160423, 20160409
20160424, 20160410
20160425, 20160404
20160426, 20160405
20160427, 20160405
20160428, 20160405
20160429, 20160405
20160430, 20160409
20160501, 20160508
20160502, 20160502
20160503, 20160503
20160504, 20160503
20160505, 20160503
20160506, 20160503
20160507, 20160507
20160508, 20160508
20160509, 20160502
20160510, 20160503
20160511, 20160503
20160512, 20160503
20160513, 20160503
20160514, 20160507
20160515, 20160508
20160516, 20160502
20160517, 20160503
20160518, 20160503
20160519, 20160503
20160520, 20160503
20160521, 20160507
20160522, 20160508
20160523, 20160502
20160524, 20160503
20160525, 20160503
20160526, 20160503
20160527, 20160503
20160528, 20160507
20160529, 20160508
20160530, 20160530
20160531, 20160531
20160601, 20160607
20160602, 20160607
20160603, 20160607
20160604, 20160611
20160605, 20160612
20160606, 20160606
20160607, 20160607
20160608, 20160607
20160609, 20160607
20160610, 20160607
20160611, 20160611
20160612, 20160612
20160613, 20160606
20160614, 20160607
20160615, 20160607
20160616, 20160607
20160617, 20160607
20160618, 20160611
20160619, 20160612
20160620, 20160606
20160621, 20160607
20160622, 20160607
20160623, 20160607
20160624, 20160607
20160625, 20160611
20160626, 20160612
20160627, 20160606
20160628, 20160607
20160629, 20160607
20160630, 20160607
20160701, 20160712
20160702, 20160716
20160703, 20160717
20160704, 20160704
20160705, 20160705
20160706, 20160712
20160707, 20160712
20160708, 20160712
20160709, 20160716
20160710, 20160717
20160711, 20160711
20160712, 20160712
20160713, 20160712
20160714, 20160712
20160715, 20160712
20160716, 20160716
20160717, 20160717
20160718, 20160711
20160719, 20160712
20160720, 20160712
20160721, 20160712
20160722, 20160712
20160723, 20160716
20160724, 20160717
20160725, 20160711
20160726, 20160712
20160727, 20160712
20160728, 20160712
20160729, 20160712
20160730, 20160716
20160731, 20160717
20160801, 20160808
20160802, 20160809
20160803, 20160809
20160804, 20160809
20160805, 20160809
20160806, 20160813
20160807, 20160814
20160808, 20160808
20160809, 20160809
20160810, 20160809
20160811, 20160809
20160812, 20160809
20160813, 20160813
20160814, 20160814
20160815, 20160808
20160816, 20160809
20160817, 20160809
20160818, 20160809
20160819, 20160809
20160820, 20160813
20160821, 20160814
20160822, 20160808
20160823, 20160809
20160824, 20160809
20160825, 20160809
20160826, 20160809
20160827, 20160813
20160828, 20160814
20160829, 20160808
20160830, 20160809
20160831, 20160809
20160901, 20160913
20160902, 20160913
20160903, 20160917
20160904, 20160918
20160905, 20160905
20160906, 20160906
20160907, 20160913
20160908, 20160913
20160909, 20160913
20160910, 20160917
20160911, 20160918
20160912, 20160912
20160913, 20160913
20160914, 20160913
20160915, 20160913
20160916, 20160913
20160917, 20160917
20160918, 20160918
20160919, 20160912
20160920, 20160913
20160921, 20160913
20160922, 20160913
20160923, 20160913
20160924, 20160917
20160925, 20160918
20160926, 20160912
20160927, 20160913
20160928, 20160913
20160929, 20160913
20160930, 20160913
20161001, 20161008
20161002, 20161009
20161003, 20161003
20161004, 20161004
20161005, 20161004
20161006, 20161004
20161007, 20161004
20161008, 20161008
20161009, 20161009
20161010, 20161003
20161011, 20161004
20161012, 20161004
20161013, 20161004
20161014, 20161004
20161015, 20161008
20161016, 20161009
20161017, 20161003
20161018, 20161004
20161019, 20161004
20161020, 20161004
20161021, 20161004
20161022, 20161008
20161023, 20161009
20161024, 20161003
20161025, 20161004
20161026, 20161004
20161027, 20161004
20161028, 20161004
20161029, 20161008
20161030, 20161009
20161031, 20161003
20161101, 20161108
20161102, 20161108
20161103, 20161108
20161104, 20161108
20161105, 20161112
20161106, 20161113
20161107, 20161107
20161108, 20161108
20161109, 20161108
20161110, 20161108
20161111, 20161108
20161112, 20161112
20161113, 20161113
20161114, 20161107
20161115, 20161108
20161116, 20161108
20161117, 20161108
20161118, 20161108
20161119, 20161112
20161120, 20161113
20161121, 20161107
20161122, 20161108
20161123, 20161108
20161124, 20161124
20161125, 20161125
20161126, 20161126
20161127, 20161113
20161128, 20161107
20161129, 20161108
20161130, 20161108
20161201, 20161206
20161202, 20161206
20161203, 20161210
20161204, 20161211
20161205, 20161205
20161206, 20161206
20161207, 20161206
20161208, 20161206
20161209, 20161206
20161210, 20161210
20161211, 20161211
20161212, 20161205
20161213, 20161206
20161214, 20161206
20161215, 20161206
20161216, 20161206
20161217, 20161210
20161218, 20161211
20161219, 20161205
20161220, 20161206
20161221, 20161206
20161222, 20161206
20161223, 20161206
20161224, 20161224
20161225, 20161225
20161226, 20161226
20161227, 20161206
20161228, 20161206
20161229, 20161206
20161230, 20161206
20161231, 20161210
